Channel 1,Channel 2
13200,7024
13200,6878
13200,6878
13200,7024
13200,7024
13200,7024
13200,7024
13200,7024
13200,7024
13200,7024
13200,7024
13200,6878
13200,6878
13200,7024
13200,7024
13200,7024
13200,7024
13200,7024
13200,7024
13200,7024
13200,7024
13200,7024
13200,7024
13200,6878
13200,6878
13200,7024
13200,7024
13200,7024
13200,7024
13200,7024
13200,7024
13200,7024
13200,7024
13200,7024
9800,6878
9800,6585
9800,6439
9800,6292
9800,6146
9800,6000
9800,5853
9800,5853
9800,5707
9800,5560
9800,5414
9800,5414
9800,5414
9800,5414
9800,5268
9800,5414
9800,5268
9800,5268
9800,5268
9800,5268
9800,5268
9800,5268
9800,5121
9800,5268
9800,5121
9800,5121
9800,5121
9800,5121
9800,5121
9800,5121
9800,5121
9800,5121
9800,5121
9800,5121
9800,5121
9800,4975
9800,4975
9800,5121
9800,5121
9800,5121
9800,5121
9800,5121
9800,5121
9800,4975
9800,5121
9800,5121
9800,5121
9800,5121
9800,4975
9800,5121
9800,5121
9800,5121
9800,4975
9800,4975
9800,5121
9800,5121
9800,5121
9800,4975
9800,5121
9800,5121
9800,4975
9800,4975
9800,5121
9800,5121
9800,4975
9800,4975
9800,5121
9800,5121
9800,4975
9800,5121
9800,5121
9800,4975
9800,4975
9800,5121
9800,5121
9800,4975
9800,5121
9800,5121
13200,5560
13200,6585
13200,6731
13200,6878
13200,6878
13200,7024
13200,7024
13200,7024
13200,7024
13200,7024
13200,7024
13200,7024
13200,6878
13200,6878
13200,6878
13200,7024
13200,7024
13200,7024
13200,7024
13200,7024
13200,7024
13200,7024
13200,7024
13200,7024
13200,6878
13200,6878
13200,7024
13200,7024
13200,7024
13200,7024
13200,7024
13200,7024
13200,7024
13200,7024
13200,6878
13200,6878
13200,7024
13200,7024
13200,7024
13200,7024
13200,7024
13200,7024
13200,7024
13200,6878
13200,6878
13200,6878
13200,7024
13200,7024
13200,7024
13200,7024
13200,7024
13200,7024
13200,7024
13200,6878
13200,7024
13200,7024
13200,7024
13200,7024
13200,7024
13200,7024
13200,6878
13200,6878
13200,6878
13200,7024
13200,7024
13200,7024
13200,7024
13200,7024
13200,7024
13200,7024
13200,6878
13200,6878
13200,7024
13200,7024
13200,7024
13200,7024
13200,7024
13200,7024
6950,6878
6950,6439
6950,6146
6950,6146
6950,5707
6950,5560
6950,5414
6950,5121
6950,5121
6950,4829
6950,4682
6950,4536
6950,4390
6950,4390
6950,4243
6950,4097
6950,3951
6950,3951
6950,3951
6950,3804
6950,3658
6950,3658
6950,3658
6950,3658
6950,3512
6950,3512
6950,3512
6950,3365
6950,3512
6950,3365
6950,3365
6950,3365
6950,3219
6950,3365
6950,3219
6950,3219
6950,3219
6950,3219
6950,3219
13200,4390
13200,6000
13200,6585
13200,6878
13200,7024
13200,6878
13200,7024
13200,7024
13200,7024
13200,7024
13200,7024
13200,7024
13200,7024
13200,7024
13200,7024
13200,6878
13200,6878
13200,6878
13200,7024
13200,7024
13200,7024
13200,7024
13200,7024
13200,7024
13200,7024
13200,6878
13200,6878
13200,7024
13200,7024
13200,7024
13200,7024
13200,7024
13200,7024
13200,7024
13200,7024
13200,6878
13200,7024
13200,7024
13200,7024
13200,7024
13200,7024
13200,7024
13200,6878
13200,6878
13200,7024
13200,7024
13200,7024
13200,7024
13200,7024
13200,7024
13200,6878
13200,6878
13200,7024
13200,7024
13200,7024
13200,7024
13200,7024
13200,7024
13200,7024
13200,6878
13200,6878
13200,7024
13200,7024
13200,7024
13200,7024
13200,7024
13200,7024
13200,7024
13200,6878
13200,6878
13200,6878
13200,7024
13200,7024
13200,7024
13200,7024
13200,7024
13200,7024
13200,6878
13200,6878
13200,7024
13200,7024
13200,7024
13200,7024
13200,7024
13200,7024
13200,6878
13200,6878
13200,7024
13200,7024
13200,7024
13200,7024
13200,7024
13200,7024
13200,6878
13200,6878
13200,7024
13200,7024
13200,7024
13200,7024
13200,7024
13200,7024
13200,6878
13200,7024
13200,7024
13200,7024
13200,7024
13200,7024
13200,7024
13200,6878
13200,6878
13200,7024
13200,7024
13200,7024
13200,7024
13200,7024
13200,6878
13200,6878
6950,6878
6950,6585
6950,6292
6950,6000
6950,5853
6950,5414
6950,5268
6950,5121
6950,4975
6950,4682
6950,4536
6950,4536
6950,4390
6950,4243
6950,4243
6950,4097
6950,3951
6950,3951
6950,3804
6950,3804
6950,3804
6950,3658
6950,3512
6950,3658
6950,3512
6950,3512
6950,3365
6950,3512
6950,3365
6950,3365
6950,3219
6950,3219
6950,3365
6950,3219
6950,3219
6950,3219
6950,3365
6950,3073
6950,3073
6950,3073
6950,3219
6950,3219
6950,3073
6950,3219
6950,3073
6950,3073
6950,3073
6950,3219
6950,3073
6950,3219
6950,3073
6950,3073
6950,3219
6950,3073
6950,3073
6950,3073
6950,3073
6950,3073
6950,3073
6950,3073
6950,3073
6950,3073
6950,3073
6950,3073
6950,3073
6950,3073
6950,3073
6950,3073
6950,3073
6950,3073
6950,3073
6950,3073
6950,3073
6950,3073
6950,3219
6950,3073
6950,3073
6950,3073
9800,3219
9800,3512
9800,3658
9800,3951
9800,3951
9800,4243
9800,4243
9800,4390
9800,4390
9800,4536
9800,4536
9800,4682
9800,4682
9800,4682
9800,4829
9800,4829
9800,4829
9800,4829
9800,4975
9800,4829
9800,4975
9800,4975
9800,4975
9800,4975
9800,4975
9800,4975
9800,4975
9800,5121
9800,4975
9800,5121
9800,4975
9800,5121
9800,4975
9800,5121
9800,4975
9800,5121
9800,5121
9800,4975
9800,5121
9800,4975
9800,4975
9800,5121
9800,4975
9800,4975
9800,5121
9800,5121
9800,4975
9800,5121
9800,4975
9800,4975
9800,5121
9800,5121
9800,4975
9800,5121
9800,4975
9800,4975
9800,5121
9800,5121
9800,4975
9800,5121
9800,4975
9800,4975
9800,5121
9800,4975
9800,4975
9800,5121
9800,4975
9800,5121
9800,5121
9800,4975
9800,5121
9800,5121
9800,4975
9800,5121
9800,5121
9800,4975
9800,5121
9800,5121
9800,4975
9800,5121
9800,4975
9800,5121
9800,5121
9800,4975
9800,5121
9800,4975
9800,4975
9800,5121
9800,4975
9800,5121
9800,5121
9800,4975
9800,5121
9800,5121
9800,4975
9800,5121
9800,5121
9800,4975
9800,5121
9800,4975
9800,4975
9800,5121
9800,4975
9800,4975
9800,5121
9800,4975
9800,5121
9800,5121
9800,4975
9800,5121
9800,4975
9800,4975
9800,5121
9800,4975
9800,5121
9800,4975
9800,5121
6950,4975
6950,4829
6950,4682
6950,4536
6950,4390
6950,4243
6950,4243
6950,3951
6950,3951
6950,3804
6950,3804
6950,3658
6950,3804
6950,3658
6950,3512
6950,3512
6950,3512
6950,3512
6950,3365
6950,3512
6950,3365
6950,3219
6950,3365
6950,3365
6950,3219
6950,3219
6950,3219
6950,3219
6950,3219
6950,3219
6950,3219
6950,3219
6950,3073
6950,3219
6950,3073
6950,3219
6950,3073
6950,3073
6950,3219
9800,3219
9800,3512
9800,3658
9800,3951
9800,4097
9800,4243
9800,4243
9800,4390
9800,4536
9800,4536
9800,4682
9800,4682
9800,4682
9800,4682
9800,4829
9800,4829
9800,4975
9800,4829
9800,4975
9800,4975
9800,4975
9800,4829
9800,4829
9800,4975
9800,4975
9800,4975
9800,5121
9800,4975
9800,4975
9800,5121
9800,4975
9800,5121
9800,4975
9800,4975
9800,4975
9800,4975
9800,5121
9800,4975
9800,5121
13200,5560
13200,6585
13200,6731
13200,6878
13200,6878
13200,7024
13200,7024
13200,7024
13200,7024
13200,6878
13200,6878
13200,7024
13200,7024
13200,7024
13200,7024
13200,7024
13200,7024
13200,7024
13200,7024
13200,7024
13200,6878
13200,6878
13200,7024
13200,7024
13200,7024
13200,7024
13200,7024
13200,7024
13200,7024
13200,7024
13200,6878
13200,6878
13200,7024
13200,7024
13200,7024
13200,7024
13200,7024
13200,7024
13200,6878
6950,6878
6950,6585
6950,6292
6950,6000
6950,5853
6950,5560
6950,5268
6950,5268
6950,4975
6950,4829
6950,4682
6950,4536
6950,4390
6950,4243
6950,4097
6950,4097
6950,3951
6950,3951
6950,3804
6950,3658
6950,3804
6950,3658
6950,3512
6950,3512
6950,3365
6950,3365
6950,3512
6950,3365
6950,3365
6950,3365
6950,3365
6950,3219
6950,3365
6950,3219
6950,3219
6950,3219
6950,3219
6950,3219
6950,3219
9800,3219
9800,3658
9800,3658
9800,3804
9800,3951
9800,4097
9800,4390
9800,4390
9800,4536
9800,4536
9800,4682
9800,4682
9800,4829
9800,4682
9800,4829
9800,4829
9800,4975
9800,4829
9800,4975
9800,4829
9800,4975
9800,4975
9800,4975
9800,4975
9800,4975
9800,4975
9800,4975
9800,5121
9800,4975
9800,4975
9800,5121
9800,4975
9800,4975
9800,4975
9800,4975
9800,5121
9800,4975
9800,4975
9800,4975
9800,4975
9800,5121
9800,4975
9800,5121
9800,4975
9800,5121
9800,4975
9800,5121
9800,4975
9800,5121
9800,4975
9800,5121
9800,4975
9800,5121
9800,4975
9800,5121
9800,4975
9800,4975
9800,4975
9800,4975
9800,4975
9800,4975
9800,5121
9800,4975
9800,5121
9800,4975
9800,5121
9800,4975
9800,4975
9800,5121
9800,4975
9800,5121
9800,4975
9800,5121
9800,4975
9800,4975
9800,5121
9800,4975
9800,5121
13200,5560
13200,6439
13200,6878
13200,6878
13200,7024
13200,7024
13200,6878
13200,6878
13200,7024
13200,7024
13200,7024
13200,7024
13200,7024
13200,7024
13200,7024
13200,6878
13200,7024
13200,7024
13200,7024
13200,7024
13200,7024
13200,7024
13200,7024
13200,6878
13200,6878
13200,7024
13200,7024
13200,7024
13200,7024
13200,7024
13200,7024
13200,7024
13200,7024
13200,7024
13200,6878
13200,6878
13200,6878
13200,7024
13200,7024
13200,7024
13200,7024
13200,7024
13200,7024
13200,7024
13200,6878
13200,6878
13200,7024
13200,7024
13200,7024
13200,7024
13200,7024
13200,6878
13200,6878
13200,7024
13200,7024
13200,7024
13200,7024
13200,7024
13200,7024
13200,6878
13200,6878
13200,7024
13200,7024
13200,7024
13200,7024
13200,7024
13200,7024
13200,6878
13200,6878
13200,7024
13200,7024
13200,7024
13200,7024
13200,7024
13200,6878
13200,6878
13200,7024
13200,7024
13200,7024
13200,7024
13200,7024
13200,6878
13200,6878
13200,7024
13200,7024
13200,7024
13200,7024
13200,7024
13200,6878
13200,6878
13200,7024
13200,7024
13200,7024
13200,7024
13200,7024
13200,6878
13200,6878
13200,7024
13200,7024
13200,7024
13200,7024
13200,6878
13200,6878
13200,7024
13200,7024
13200,7024
13200,7024
13200,7024
13200,6878
13200,6878
13200,7024
13200,7024
13200,7024
13200,7024
13200,6878
13200,6878
13200,7024
6950,6878
6950,6585
6950,6292
6950,6000
6950,5707
6950,5560
6950,5268
6950,5121
6950,4975
6950,4682
6950,4682
6950,4536
6950,4390
6950,4243
6950,4243
6950,3951
6950,3951
6950,3804
6950,3804
6950,3804
6950,3658
6950,3658
6950,3512
6950,3512
6950,3512
6950,3512
6950,3365
6950,3365
6950,3365
6950,3365
6950,3219
6950,3365
6950,3219
6950,3219
6950,3219
6950,3219
6950,3219
6950,3219
6950,3073
13200,4390
13200,6000
13200,6585
13200,6878
13200,6878
13200,7024
13200,7024
13200,7024
13200,7024
13200,7024
13200,6878
13200,6878
13200,7024
13200,7024
13200,7024
13200,7024
13200,7024
13200,7024
13200,7024
13200,7024
13200,6878
13200,6878
13200,7024
13200,7024
13200,7024
13200,7024
13200,7024
13200,7024
13200,6878
13200,6878
13200,7024
13200,7024
13200,7024
13200,7024
13200,7024
13200,7024
13200,6878
13200,6878
13200,7024
9800,6878
9800,6731
9800,6439
9800,6292
9800,6146
9800,6000
9800,5853
9800,5707
9800,5560
9800,5707
9800,5414
9800,5414
9800,5414
9800,5414
9800,5268
9800,5414
9800,5268
9800,5121
9800,5121
9800,5268
9800,5121
9800,5121
9800,5121
9800,5121
9800,5121
9800,5121
9800,5121
9800,5121
9800,4975
9800,5121
