Channel 1,Channel 2
6500,2780
6500,2926
6500,2780
6500,2780
6500,2780
6500,2780
6500,2780
6500,2780
6500,2780
6500,2634
6500,2780
6500,2634
6500,2780
6500,2634
6500,2780
6500,2634
6500,2634
6500,2634
6500,2634
6500,2634
6500,2634
6500,2634
6500,2634
6500,2780
9500,2780
9500,3073
9500,3219
9500,3512
9500,3804
9500,3804
9500,3951
9500,4097
9500,4243
9500,4243
9500,4390
9500,4390
9500,4536
9500,4536
9500,4536
9500,4682
9500,4682
9500,4682
9500,4682
9500,4682
9500,4682
9500,4829
9500,4682
9500,4682
9500,4829
9500,4829
9500,4829
9500,4829
9500,4829
9500,4829
9500,4829
9500,4829
9500,4829
9500,4829
6500,4682
6500,4682
6500,4390
6500,4243
6500,4243
6500,4097
6500,3804
6500,3804
6500,3658
6500,3658
6500,3512
6500,3512
6500,3512
6500,3219
6500,3219
6500,3219
6500,3219
6500,3073
6500,3219
6500,3073
6500,2926
6500,3073
6500,2926
6500,2926
6500,2926
6500,2926
6500,2780
6500,2926
6500,2780
6500,2780
6500,2780
6500,2780
6500,2780
6500,2780
9500,2926
9500,3073
9500,3365
9500,3512
9500,3804
9500,3804
9500,4097
9500,4097
9500,4243
9500,4390
9500,4390
9500,4390
9500,4536
9500,4536
9500,4536
9500,4682
9500,4682
9500,4682
9500,4682
9500,4829
9500,4682
9500,4829
9500,4682
9500,4829
9500,4829
9500,4829
9500,4829
9500,4829
9500,4829
9500,4829
9500,4829
9500,4829
9500,4829
9500,4829
6500,4829
6500,4536
6500,4390
6500,4243
6500,4243
6500,4097
6500,3951
6500,3804
6500,3804
6500,3512
6500,3658
6500,3512
6500,3365
6500,3365
6500,3365
6500,3219
6500,3073
6500,3073
6500,3073
6500,3073
6500,3073
6500,2926
6500,2926
6500,2926
6500,2780
6500,2926
6500,2926
6500,2780
6500,2780
6500,2780
6500,2780
6500,2780
6500,2780
6500,2634
6500,2780
6500,2780
6500,2634
6500,2634
6500,2780
6500,2634
6500,2634
6500,2780
6500,2634
6500,2780
6500,2634
6500,2634
6500,2634
6500,2780
6500,2634
9500,2780
9500,3073
9500,3365
9500,3512
9500,3658
9500,3804
9500,3951
9500,4097
9500,4243
9500,4390
9500,4390
9500,4390
9500,4536
9500,4536
9500,4536
9500,4682
9500,4682
9500,4682
9500,4682
9500,4829
9500,4682
9500,4682
9500,4829
9500,4829
9500,4829
9500,4829
9500,4829
9500,4829
9500,4975
9500,4829
9500,4829
9500,4829
9500,4829
9500,4829
9500,4975
9500,4829
9500,4829
9500,4975
9500,4829
6500,4829
6500,4682
6500,4390
6500,4390
6500,4097
6500,3951
6500,3951
6500,3951
6500,3658
6500,3658
6500,3658
6500,3512
6500,3365
6500,3365
6500,3219
6500,3219
6500,3073
6500,3073
6500,3073
6500,3073
6500,3073
6500,2926
6500,3073
6500,2926
6500,2780
6500,2780
6500,2926
6500,2780
6500,2926
6500,2780
6500,2780
6500,2780
6500,2780
6500,2780
9500,2926
9500,3073
9500,3365
9500,3658
9500,3658
9500,3804
9500,4097
9500,4097
9500,4243
9500,4390
9500,4390
9500,4390
9500,4536
9500,4536
9500,4682
9500,4536
9500,4536
9500,4682
9500,4682
9500,4682
9500,4829
9500,4829
9500,4682
9500,4682
9500,4829
9500,4829
9500,4829
9500,4829
9500,4829
9500,4829
9500,4829
9500,4829
9500,4829
9500,4829
6500,4682
6500,4682
6500,4390
6500,4243
6500,4097
6500,3951
6500,3951
6500,3804
6500,3804
6500,3658
6500,3512
6500,3512
6500,3365
6500,3365
6500,3219
6500,3219
6500,3073
6500,3219
6500,3073
6500,3073
6500,2926
6500,2926
6500,2926
6500,2780
6500,2926
6500,2926
6500,2780
6500,2780
6500,2780
6500,2780
6500,2634
6500,2780
6500,2780
6500,2780
6500,2634
6500,2780
6500,2634
6500,2634
6500,2780
9500,2780
9500,3073
9500,3365
9500,3512
9500,3804
9500,3804
9500,4097
9500,4097
9500,4097
9500,4390
9500,4390
9500,4390
9500,4536
9500,4536
9500,4536
9500,4682
9500,4682
9500,4682
9500,4682
9500,4682
9500,4829
9500,4682
9500,4829
9500,4829
9500,4829
9500,4829
9500,4829
9500,4829
9500,4829
9500,4829
9500,4829
9500,4829
9500,4829
9500,4975
9500,4829
9500,4829
9500,4975
9500,4829
9500,4829
9500,4975
9500,4829
9500,4829
9500,4975
9500,4829
9500,4975
9500,4829
9500,4829
9500,4975
9500,4829
6500,4829
6500,4682
6500,4390
6500,4390
6500,4243
6500,3951
6500,3951
6500,3951
6500,3658
6500,3658
6500,3658
6500,3512
6500,3365
6500,3365
6500,3219
6500,3219
6500,3073
6500,3219
6500,3073
6500,3073
6500,3073
6500,3073
6500,2926
6500,2926
6500,2926
6500,2926
6500,2780
6500,2926
6500,2780
6500,2780
6500,2926
6500,2780
6500,2780
6500,2780
6500,2634
6500,2780
6500,2780
6500,2634
6500,2634
6500,2780
6500,2634
6500,2780
6500,2634
6500,2634
6500,2780
6500,2634
6500,2634
6500,2780
6500,2634
9500,2780
9500,3073
9500,3365
9500,3512
9500,3658
9500,3804
9500,4097
9500,4097
9500,4243
9500,4243
9500,4390
9500,4536
9500,4390
9500,4536
9500,4536
9500,4682
9500,4682
9500,4682
9500,4682
9500,4682
9500,4682
9500,4829
9500,4829
9500,4682
9500,4829
9500,4829
9500,4829
9500,4829
9500,4829
9500,4829
9500,4829
9500,4829
9500,4829
9500,4829
9500,4829
9500,4829
9500,4975
9500,4829
9500,4975
9500,4829
9500,4829
9500,4829
9500,4829
9500,4829
6500,4829
6500,4682
6500,4390
6500,4390
6500,4243
6500,4097
6500,3951
6500,3804
6500,3658
6500,3658
6500,3658
6500,3512
6500,3512
6500,3365
6500,3365
6500,3219
6500,3219
6500,3219
6500,3073
6500,3073
6500,3073
6500,3073
6500,2926
6500,2926
6500,2926
6500,2926
6500,2926
6500,2926
6500,2780
6500,2926
6500,2780
6500,2780
6500,2780
6500,2780
9500,2926
9500,3219
9500,3365
9500,3658
9500,3804
9500,3951
9500,4097
9500,4097
9500,4243
9500,4390
9500,4390
9500,4536
9500,4536
9500,4536
9500,4682
9500,4682
9500,4682
9500,4682
9500,4829
9500,4682
9500,4829
9500,4829
9500,4829
9500,4829
9500,4829
9500,4829
9500,4829
9500,4829
9500,4829
9500,4829
9500,4829
9500,4829
9500,4975
9500,4829
9500,4975
9500,4829
9500,4829
9500,4975
9500,4829
9500,4975
9500,4829
9500,4975
9500,4829
9500,4975
9500,4829
9500,4829
9500,4829
9500,4829
9500,4975
6500,4829
6500,4682
6500,4390
6500,4390
6500,4243
6500,4097
6500,3951
6500,3804
6500,3804
6500,3658
6500,3658
6500,3512
6500,3365
6500,3365
6500,3219
6500,3365
6500,3219
6500,3073
6500,3219
6500,3073
6500,3073
6500,2926
6500,3073
6500,2926
6500,2926
6500,2926
6500,2926
6500,2780
6500,2926
6500,2780
6500,2780
6500,2780
6500,2780
6500,2780
9500,2926
9500,3073
9500,3365
9500,3512
9500,3658
9500,3951
9500,4097
9500,4097
9500,4243
9500,4390
9500,4390
9500,4390
9500,4536
9500,4536
9500,4682
9500,4682
9500,4682
9500,4682
9500,4682
9500,4682
9500,4682
9500,4829
9500,4829
9500,4682
9500,4682
9500,4829
9500,4829
9500,4829
9500,4829
9500,4829
9500,4829
9500,4829
9500,4975
9500,4829
6500,4829
6500,4536
6500,4536
6500,4243
6500,4097
6500,4097
6500,3951
6500,3804
6500,3804
6500,3658
6500,3512
6500,3512
6500,3365
6500,3365
6500,3365
6500,3219
6500,3219
6500,3073
6500,3073
6500,3073
6500,3073
6500,3073
6500,2926
6500,2926
6500,2926
6500,2926
6500,2926
6500,2780
6500,2926
6500,2780
6500,2780
6500,2780
6500,2780
6500,2780
6500,2780
6500,2780
6500,2634
6500,2634
6500,2780
6500,2634
6500,2780
6500,2634
6500,2780
6500,2634
9500,2926
9500,3073
9500,3365
9500,3512
9500,3804
9500,3804
9500,4097
9500,4097
9500,4243
9500,4243
9500,4390
9500,4536
9500,4536
9500,4536
9500,4536
9500,4682
9500,4682
9500,4682
9500,4682
9500,4829
9500,4682
9500,4829
9500,4829
9500,4829
9500,4682
9500,4829
9500,4829
9500,4829
9500,4829
9500,4829
9500,4829
9500,4975
9500,4829
9500,4829
9500,4975
9500,4829
9500,4829
9500,4829
9500,4829
9500,4975
9500,4829
9500,4975
9500,4829
9500,4975
6500,4829
6500,4536
6500,4536
6500,4390
6500,4243
6500,3951
6500,3951
6500,3804
6500,3804
6500,3658
6500,3512
6500,3658
6500,3365
6500,3365
6500,3365
6500,3219
6500,3219
6500,3219
6500,3073
6500,3073
6500,3073
6500,2926
6500,3073
6500,2926
6500,2926
6500,2780
6500,2780
6500,2926
6500,2780
6500,2780
6500,2780
6500,2780
6500,2780
6500,2780
9500,2926
9500,3219
9500,3365
9500,3658
9500,3658
9500,3951
9500,4097
9500,4097
9500,4243
9500,4390
9500,4390
9500,4390
9500,4536
9500,4536
9500,4682
9500,4536
9500,4682
9500,4682
9500,4829
9500,4682
9500,4829
9500,4682
9500,4829
9500,4829
9500,4829
9500,4829
9500,4829
9500,4829
9500,4829
9500,4829
9500,4829
9500,4829
9500,4829
9500,4829
9500,4829
9500,4829
9500,4829
9500,4829
9500,4975
9500,4829
9500,4829
9500,4975
9500,4829
9500,4829
9500,4829
9500,4829
9500,4829
9500,4829
9500,4975
6500,4682
6500,4536
6500,4536
6500,4243
6500,4243
6500,3951
6500,3951
6500,3804
6500,3658
6500,3658
6500,3512
6500,3512
6500,3365
6500,3365
6500,3365
6500,3219
6500,3073
6500,3219
6500,3073
6500,3073
6500,2926
6500,3073
6500,2926
6500,2926
6500,2926
6500,2780
6500,2926
6500,2780
6500,2780
6500,2926
6500,2780
6500,2634
6500,2780
6500,2780
6500,2780
6500,2634
6500,2780
6500,2634
6500,2634
9500,2926
9500,3073
9500,3365
9500,3512
9500,3658
9500,3951
9500,3951
9500,4097
9500,4243
9500,4243
9500,4390
9500,4390
9500,4536
9500,4536
9500,4536
9500,4682
9500,4682
9500,4682
9500,4682
9500,4682
9500,4682
9500,4829
9500,4682
9500,4829
9500,4829
9500,4829
9500,4829
9500,4829
9500,4829
9500,4829
9500,4829
9500,4829
9500,4829
9500,4829
9500,4829
9500,4829
9500,4829
9500,4829
9500,4829
9500,4829
9500,4829
9500,4829
9500,4975
9500,4829
6500,4829
6500,4536
6500,4390
6500,4243
6500,4097
6500,3951
6500,3951
6500,3804
6500,3804
6500,3512
6500,3658
6500,3365
6500,3512
6500,3219
6500,3365
6500,3219
6500,3073
6500,3219
6500,3073
6500,2926
6500,3073
6500,2926
6500,2926
6500,2926
6500,2926
6500,2780
6500,2780
6500,2780
6500,2780
6500,2780
6500,2780
6500,2780
6500,2780
6500,2780
6500,2634
9500,2926
9500,3073
9500,3365
9500,3512
9500,3658
9500,3951
9500,3951
9500,4097
9500,4243
9500,4390
9500,4390
9500,4390
9500,4536
9500,4536
9500,4536
9500,4682
9500,4682
9500,4682
9500,4682
9500,4682
9500,4829
9500,4682
9500,4829
9500,4682
9500,4829
9500,4829
9500,4829
9500,4829
9500,4829
9500,4829
9500,4829
9500,4829
9500,4829
9500,4829
9500,4829
6500,4829
6500,4536
6500,4390
6500,4390
6500,4097
6500,3951
6500,3804
6500,3804
6500,3658
6500,3512
6500,3512
6500,3512
6500,3365
6500,3365
6500,3219
6500,3219
6500,3073
6500,3219
6500,3073
6500,2926
6500,3073
6500,2926
6500,2926
6500,2926
6500,2780
6500,2926
6500,2780
6500,2780
6500,2780
6500,2780
6500,2634
6500,2780
6500,2780
6500,2634
6500,2780
6500,2634
6500,2780
6500,2634
6500,2634
6500,2634
6500,2780
6500,2634
6500,2634
6500,2634
6500,2634
6500,2634
6500,2634
6500,2634
6500,2634
6500,2634
9500,2780
9500,3073
9500,3219
9500,3365
9500,3658
9500,3804
9500,3951
9500,4097
9500,4243
9500,4243
9500,4390
9500,4390
